start=145.062000
volume=70.000000
sid=18
